 921 1096
 1075 1211
 1752 1972
 1992 1730
 1752 2211
 2041 1853
 134 1188
 2558 3023
 47 1387
 2037 891
 1726 2558
 1211 3086
 1519 1912
 908 2138
 1211 3061
 824 1188
 1912 1853
 1 134
 3086 1
 615 3023
 1730 1992
 1730 3061
 2100 2369
 1992 2211
 1992 1075
 615 3061
 1387 824
 0 3061
 1752 2211
 1730 3031
 1519 1350
 1726 2037
 3086 2138
 1075 908
 46 824
 3031 1639
 2138 891
 3023 3023
 1519 1992
 47 891
 3031 2041
 1075 1639
 46 2037
 1188 3031
 3023 1752
 1629 2041
 2211 1956
 2369 538
 1726 1726
 1387 824
 47 1992
 3023 1387
 921 1730
 1639 2549
 908 47
 2549 1211
 1 2549
 921 1752
 1730 2549
 1639 2549
 1639 1096
 824 1752
 46 824
 1853 1096
 2549 1211
 2211 2549
 180 3023
 2211 1211
 2369 1752
 3086 2041
 1075 46
 1519 1519
 0 615
 1639 1188
 1211 1
 1972 2369
 46 921
 46 1752
 1730 180
 824 1
 47 1096
 1726 3086
 2138 1730
 2211 921
 2369 1350
 47 1387
 1188 615
 47 2558
 824 2211
 1519 134
 47 1726
 0 908
 1211 1211
 2211 1639
 2211 2211
 824 2211
 46 1629
 1211 2037
 3086 1096
 0 1
 824 2100
 1387 1639
 2558 2825
