 0 3061
 47 2138
 1639 2558
 47 1853
 3086 3061
 1853 1387
 180 1188
 1752 1629
 1639 891
 2041 2549
 47 642
 2037 3023
 1211 1752
 1629 1752
 1639 921
 2037 2369
 2100 1387
 1188 824
 1972 3031
 908 2100
 1211 2369
 180 47
 2138 1
 2211 134
 1211 1726
 3023 921
 1075 824
 2100 1211
 1726 1096
 908 1726
 1 2138
 1387 47
 0 3061
 2037 1912
 2558 2041
 2100 46
 2037 1629
 3086 2037
 3031 1912
 615 615
 2558 134
 1726 2041
 2211 1
 1211 1096
 1639 1853
 1730 615
 1639 824
 2369 134
 2041 1350
 2369 1752
 2041 3031
 180 2138
 921 1972
 1853 921
 1972 1726
 1387 47
 2041 2037
 2100 678
 1629 3023
 1 1096
 1387 2041
 2558 2041
 1992 615
 2549 1639
 180 615
 1912 1629
 2369 615
 1 1639
 3086 1752
 1211 1972
 908 180
 2549 1350
 1730 706
 1912 2138
 908 1086
 2037 678
 2037 3061
 180 2037
 908 3199
 824 921
 2100 824
 3086 1350
 921 908
 134 3031
 1972 1211
 2369 1075
 1730 1972
 2211 134
 2549 2138
 2549 1730
 2549 1096
 908 824
 1972 1853
 2138 2549
 615 921
 1387 615
 1075 1639
 2100 2041
 1726 1
 3086 1639
 180 1629
